0.000000e+00	1.000000e+00	0.000000e+00	0.000000e+00	0.000000e+00	0.000000e+00	0.000000e+00	6.283185e+00	0.000000e+00
0.000000e+00	1.000000e+01	4.163336e-16	1.569051e+00	0.000000e+00	0.000000e+00	0.000000e+00	1.404963e+02	0.000000e+00
3.141593e-02	9.999963e-01	7.375607e-05	8.296615e-08	2.094257e-02	4.657412e+00	6.314454e+00	6.283151e+00	1.636247e+00
3.141593e-02	1.000000e+01	1.387779e-16	1.569051e+00	6.283185e+00	0.000000e+00	0.000000e+00	1.404963e+02	0.000000e+00
1.171962e-01	9.999493e-01	2.781870e-04	1.135914e-06	7.805888e-02	4.509315e+00	6.399839e+00	6.282708e+00	1.813006e+00
1.171962e-01	1.000000e+01	4.163401e-16	1.569051e+00	0.000000e+00	0.000000e+00	0.000000e+00	1.404963e+02	0.000000e+00
1.214408e+01	9.990170e-01	6.636429e-04	4.172730e-03	6.227188e+00	3.191608e+00	1.216840e+01	6.273923e+00	2.750110e+00
1.214408e+01	1.000000e+01	1.473923e-16	1.569051e+00	0.000000e+00	0.000000e+00	0.000000e+00	1.404963e+02	0.000000e+00
2.413006e+01	9.980641e-01	1.693178e-03	1.268631e-02	2.301896e-02	2.913463e+00	5.341379e+00	6.264948e+00	2.407168e+00
2.413006e+01	1.000000e+01	1.706460e-16	1.569051e+00	6.283185e+00	0.000000e+00	0.000000e+00	1.404963e+02	0.000000e+00
3.608860e+01	9.982961e-01	2.203840e-03	1.676568e-02	2.258499e-02	2.992981e+00	4.785481e+00	6.267133e+00	1.774233e+00
3.608860e+01	1.000000e+01	1.055077e-16	1.569051e+00	0.000000e+00	0.000000e+00	0.000000e+00	1.404963e+02	0.000000e+00
4.807982e+01	9.979034e-01	2.714334e-03	1.141920e-02	3.331575e-02	2.957045e+00	4.260843e+00	6.263436e+00	1.275673e+00
4.807982e+01	1.000000e+01	2.947846e-16	1.569051e+00	0.000000e+00	0.000000e+00	0.000000e+00	1.404963e+02	0.000000e+00
6.011956e+01	9.985710e-01	3.581015e-03	2.940664e-03	2.833649e-01	2.731779e+00	3.767226e+00	6.269722e+00	7.569908e-01
6.011956e+01	1.000000e+01	0.000000e+00	1.569051e+00	0.000000e+00	0.000000e+00	0.000000e+00	1.404963e+02	0.000000e+00
7.210925e+01	9.999463e-01	4.501814e-03	6.838897e-04	1.365924e+00	1.765267e+00	3.213452e+00	6.282679e+00	8.300484e-02
7.210925e+01	1.000000e+01	2.482534e-17	1.569051e+00	0.000000e+00	0.000000e+00	0.000000e+00	1.404963e+02	0.000000e+00
8.408759e+01	9.987381e-01	3.720248e-03	5.303694e-03	1.076455e-01	3.188897e+00	8.934605e+00	6.271296e+00	5.633572e+00
8.408759e+01	1.000000e+01	2.947846e-16	1.569051e+00	0.000000e+00	0.000000e+00	0.000000e+00	1.404963e+02	0.000000e+00
9.605149e+01	9.980717e-01	2.905998e-03	1.380266e-02	8.019590e-02	3.365882e+00	8.370944e+00	6.265020e+00	4.919180e+00
9.605149e+01	1.000000e+01	4.192838e-16	1.569051e+00	0.000000e+00	0.000000e+00	0.000000e+00	1.404963e+02	0.000000e+00
1.080442e+02	9.982743e-01	2.418369e-03	1.657992e-02	6.581071e-02	3.386653e+00	7.850616e+00	6.266928e+00	4.393557e+00
1.080442e+02	1.000000e+01	1.861901e-16	1.569051e+00	0.000000e+00	0.000000e+00	0.000000e+00	1.404963e+02	0.000000e+00
1.200553e+02	9.978695e-01	2.012312e-03	1.018693e-02	1.152564e-01	3.471319e+00	7.343902e+00	6.263117e+00	3.755007e+00
1.200553e+02	1.000000e+01	1.706460e-16	1.569051e+00	0.000000e+00	0.000000e+00	0.000000e+00	1.404963e+02	0.000000e+00
1.320990e+02	9.987899e-01	1.343322e-03	2.491357e-03	6.958231e-01	3.300170e+00	6.851751e+00	6.271784e+00	2.856514e+00
1.320990e+02	1.000000e+01	4.163336e-16	1.569051e+00	0.000000e+00	0.000000e+00	0.000000e+00	1.404963e+02	0.000000e+00
1.440388e+02	9.999393e-01	7.158232e-04	1.405147e-03	1.270086e+00	3.277054e+00	6.248044e+00	6.282613e+00	1.702323e+00
1.440388e+02	1.000000e+01	1.409808e-16	1.569051e+00	6.283185e+00	0.000000e+00	0.000000e+00	1.404963e+02	0.000000e+00
1.560991e+02	9.986269e-01	1.122949e-03	6.674557e-03	2.006680e-01	3.292874e+00	5.769175e+00	6.270249e+00	2.277341e+00
1.560991e+02	1.000000e+01	1.706460e-16	1.569051e+00	6.283185e+00	0.000000e+00	0.000000e+00	1.404963e+02	0.000000e+00
1.680032e+02	9.981166e-01	1.971270e-03	1.483549e-02	1.270310e-01	3.093408e+00	5.148065e+00	6.265443e+00	1.931317e+00
1.680032e+02	1.000000e+01	1.706460e-16	1.569051e+00	6.283185e+00	0.000000e+00	0.000000e+00	1.404963e+02	0.000000e+00
1.801663e+02	9.982458e-01	2.288741e-03	1.621633e-02	1.135572e-01	3.120165e+00	4.799685e+00	6.266659e+00	1.570541e+00
1.801663e+02	1.000000e+01	9.930137e-17	1.569051e+00	0.000000e+00	0.000000e+00	0.000000e+00	1.404963e+02	0.000000e+00
1.920472e+02	9.978437e-01	2.939541e-03	8.997884e-03	2.179381e-01	2.927136e+00	4.159860e+00	6.262874e+00	1.019789e+00
1.920472e+02	1.000000e+01	1.387779e-16	1.569051e+00	6.283185e+00	0.000000e+00	0.000000e+00	1.404963e+02	0.000000e+00
2.041226e+02	9.988623e-01	3.909268e-03	2.583514e-03	1.110974e+00	2.010342e+00	3.697086e+00	6.272466e+00	5.800443e-01
2.041226e+02	1.000000e+01	4.163336e-16	1.569051e+00	0.000000e+00	0.000000e+00	0.000000e+00	1.404963e+02	0.000000e+00
2.160559e+02	9.998439e-01	4.631080e-03	2.221833e-03	1.139110e+00	2.119100e+00	9.369965e+00	6.281714e+00	6.110167e+00
2.160559e+02	1.000000e+01	4.965068e-17	1.569051e+00	0.000000e+00	0.000000e+00	0.000000e+00	1.404963e+02	0.000000e+00
2.281385e+02	9.985436e-01	3.864267e-03	8.159091e-03	2.597282e-01	3.178769e+00	8.915320e+00	6.269464e+00	5.471226e+00
2.281385e+02	1.000000e+01	2.775558e-16	1.569051e+00	6.283185e+00	0.000000e+00	0.000000e+00	1.404963e+02	0.000000e+00
2.401141e+02	9.981824e-01	3.264965e-03	1.574414e-02	1.673146e-01	3.415896e+00	8.368682e+00	6.266063e+00	4.778957e+00
2.401141e+02	1.000000e+01	9.930137e-17	1.569051e+00	0.000000e+00	0.000000e+00	0.000000e+00	1.404963e+02	0.000000e+00
2.520717e+02	9.981739e-01	2.762126e-03	1.568749e-02	1.627409e-01	3.440011e+00	7.814136e+00	6.265983e+00	4.206546e+00
2.520717e+02	1.000000e+01	2.035829e-16	1.569051e+00	0.000000e+00	0.000000e+00	0.000000e+00	1.404963e+02	0.000000e+00
2.640709e+02	9.978019e-01	2.450921e-03	7.903466e-03	3.518813e-01	3.446926e+00	7.290510e+00	6.262481e+00	3.490027e+00
2.640709e+02	1.000000e+01	1.706460e-16	1.569051e+00	0.000000e+00	0.000000e+00	0.000000e+00	1.404963e+02	0.000000e+00
2.760842e+02	9.991406e-01	1.874911e-03	3.123865e-03	1.383589e+00	2.848477e+00	6.763494e+00	6.275087e+00	2.533572e+00
2.760842e+02	1.000000e+01	1.473923e-16	1.569051e+00	0.000000e+00	0.000000e+00	0.000000e+00	1.404963e+02	0.000000e+00
2.881374e+02	9.997823e-01	1.568534e-03	3.187680e-03	1.012684e+00	3.401896e+00	6.273052e+00	6.281134e+00	1.861478e+00
2.881374e+02	1.000000e+01	1.473923e-16	1.569051e+00	0.000000e+00	0.000000e+00	0.000000e+00	1.404963e+02	0.000000e+00
3.000205e+02	9.982942e-01	1.795911e-03	9.553110e-03	3.159404e-01	3.278478e+00	5.620843e+00	6.267115e+00	2.029647e+00
3.000205e+02	1.000000e+01	4.280122e-16	1.569051e+00	6.283185e+00	0.000000e+00	0.000000e+00	1.404963e+02	0.000000e+00
3.120304e+02	9.982257e-01	2.364322e-03	1.648641e-02	2.066254e-01	3.223535e+00	5.110897e+00	6.266470e+00	1.685435e+00
3.120304e+02	1.000000e+01	2.873741e-16	1.569051e+00	0.000000e+00	0.000000e+00	0.000000e+00	1.404963e+02	0.000000e+00
3.241535e+02	9.981112e-01	2.720699e-03	1.502397e-02	2.199493e-01	3.190118e+00	4.722340e+00	6.265392e+00	1.317538e+00
3.241535e+02	1.000000e+01	1.706460e-16	1.569051e+00	0.000000e+00	0.000000e+00	0.000000e+00	1.404963e+02	0.000000e+00
3.360997e+02	9.977553e-01	3.300769e-03	7.010679e-03	5.186007e-01	2.732245e+00	4.142649e+00	6.262042e+00	8.969542e-01
3.360997e+02	1.000000e+01	2.775558e-16	1.569051e+00	0.000000e+00	0.000000e+00	0.000000e+00	1.404963e+02	0.000000e+00
3.480545e+02	9.993461e-01	4.577023e-03	3.778662e-03	1.513857e+00	1.741470e+00	3.555342e+00	6.277024e+00	3.027344e-01
3.480545e+02	1.000000e+01	2.819617e-16	1.569051e+00	0.000000e+00	0.000000e+00	0.000000e+00	1.404963e+02	0.000000e+00
3.600124e+02	9.995576e-01	4.896384e-03	4.162242e-03	9.616052e-01	2.428590e+00	9.253713e+00	6.279016e+00	5.859505e+00
3.600124e+02	1.000000e+01	1.473923e-16	1.569051e+00	0.000000e+00	0.000000e+00	0.000000e+00	1.404963e+02	0.000000e+00
3.720045e+02	9.982034e-01	4.148578e-03	1.103979e-02	3.497020e-01	3.261475e+00	8.712126e+00	6.266260e+00	5.093255e+00
3.720045e+02	1.000000e+01	2.947846e-16	1.569051e+00	6.283185e+00	0.000000e+00	0.000000e+00	1.404963e+02	0.000000e+00
3.840603e+02	9.982646e-01	3.729639e-03	1.705852e-02	2.444755e-01	3.434373e+00	8.250461e+00	6.266837e+00	4.564232e+00
3.840603e+02	1.000000e+01	2.908382e-16	1.569051e+00	0.000000e+00	0.000000e+00	0.000000e+00	1.404963e+02	0.000000e+00
3.960945e+02	9.980057e-01	3.341413e-03	1.425088e-02	2.847006e-01	3.428087e+00	7.771958e+00	6.264399e+00	4.053877e+00
3.960945e+02	1.000000e+01	3.149983e-16	1.569051e+00	6.283185e+00	0.000000e+00	0.000000e+00	1.404963e+02	0.000000e+00
4.080181e+02	9.979398e-01	3.039384e-03	6.503564e-03	7.286110e-01	3.214842e+00	7.166603e+00	6.263779e+00	3.222656e+00
4.080181e+02	1.000000e+01	5.639234e-16	1.569051e+00	0.000000e+00	0.000000e+00	0.000000e+00	1.404963e+02	0.000000e+00
4.200847e+02	9.994117e-01	2.650851e-03	4.484237e-03	1.570491e+00	2.716963e+00	6.689968e+00	6.277641e+00	2.406077e+00
4.200847e+02	1.000000e+01	4.192838e-16	1.569051e+00	6.283185e+00	0.000000e+00	0.000000e+00	1.404963e+02	0.000000e+00
4.320403e+02	9.994509e-01	2.201217e-03	5.340959e-03	8.830805e-01	3.303761e+00	6.103834e+00	6.278011e+00	1.921129e+00
4.320403e+02	1.000000e+01	4.192838e-16	1.569051e+00	6.283185e+00	0.000000e+00	0.000000e+00	1.404963e+02	0.000000e+00
4.440854e+02	9.982398e-01	2.509185e-03	1.254184e-02	3.693848e-01	3.319093e+00	5.618017e+00	6.266603e+00	1.934232e+00
4.440854e+02	1.000000e+01	1.706460e-16	1.569051e+00	6.283185e+00	0.000000e+00	0.000000e+00	1.404963e+02	0.000000e+00
4.560904e+02	9.982918e-01	2.994389e-03	1.744776e-02	2.831017e-01	3.295252e+00	5.107319e+00	6.267093e+00	1.534949e+00
4.560904e+02	1.000000e+01	1.743306e-16	1.569051e+00	6.283185e+00	0.000000e+00	0.000000e+00	1.404963e+02	0.000000e+00
4.680461e+02	9.979122e-01	3.474864e-03	1.341808e-02	3.603218e-01	3.146180e+00	4.548668e+00	6.263518e+00	1.048180e+00
4.680461e+02	1.000000e+01	4.965068e-17	1.569051e+00	0.000000e+00	0.000000e+00	0.000000e+00	1.404963e+02	0.000000e+00
4.800263e+02	9.979808e-01	4.116925e-03	6.281702e-03	9.433508e-01	2.414213e+00	3.997325e+00	6.264165e+00	6.446979e-01
4.800263e+02	1.000000e+01	9.930137e-17	1.569051e+00	0.000000e+00	0.000000e+00	0.000000e+00	1.404963e+02	0.000000e+00
4.920859e+02	9.994932e-01	5.248145e-03	5.157469e-03	1.565852e+00	1.767286e+00	3.512718e+00	6.278410e+00	1.814665e-01
4.920859e+02	1.000000e+01	9.309503e-18	1.569051e+00	6.283185e+00	0.000000e+00	0.000000e+00	1.404963e+02	0.000000e+00
5.040305e+02	9.992475e-01	5.424903e-03	6.598291e-03	8.276351e-01	2.678851e+00	9.199860e+00	6.276094e+00	5.687305e+00
5.040305e+02	1.000000e+01	0.000000e+00	1.569051e+00	6.283185e+00	0.000000e+00	0.000000e+00	1.404963e+02	0.000000e+00
5.160870e+02	9.982011e-01	4.952040e-03	1.392274e-02	3.933795e-01	3.311385e+00	8.727823e+00	6.266239e+00	5.013611e+00
5.160870e+02	1.000000e+01	2.947846e-16	1.569051e+00	6.283185e+00	0.000000e+00	0.000000e+00	1.404963e+02	0.000000e+00
5.280311e+02	9.982989e-01	4.446941e-03	1.765725e-02	3.225163e-01	3.416031e+00	8.157526e+00	6.267160e+00	4.410478e+00
5.280311e+02	1.000000e+01	1.303330e-16	1.569051e+00	6.283185e+00	0.000000e+00	0.000000e+00	1.404963e+02	0.000000e+00
5.401567e+02	9.977926e-01	4.233726e-03	1.257501e-02	4.509664e-01	3.335573e+00	7.768020e+00	6.262393e+00	3.975199e+00
5.401567e+02	1.000000e+01	1.706460e-16	1.569051e+00	6.283185e+00	0.000000e+00	0.000000e+00	1.404963e+02	0.000000e+00
5.520719e+02	9.979601e-01	4.124803e-03	6.407694e-03	1.153562e+00	2.868413e+00	7.148327e+00	6.263969e+00	3.126477e+00
5.520719e+02	1.000000e+01	4.163336e-16	1.569051e+00	0.000000e+00	0.000000e+00	0.000000e+00	1.404963e+02	0.000000e+00
5.641300e+02	9.994859e-01	3.738887e-03	5.872193e-03	1.529394e+00	2.722747e+00	6.661172e+00	6.278341e+00	2.414015e+00
5.641300e+02	1.000000e+01	4.192838e-16	1.569051e+00	0.000000e+00	0.000000e+00	0.000000e+00	1.404963e+02	0.000000e+00
5.760676e+02	9.991385e-01	3.211284e-03	7.999479e-03	7.749313e-01	3.285186e+00	6.059805e+00	6.275067e+00	2.005519e+00
5.760676e+02	1.000000e+01	2.422857e-16	1.569051e+00	0.000000e+00	0.000000e+00	0.000000e+00	1.404963e+02	0.000000e+00
5.880698e+02	9.981859e-01	3.503723e-03	1.521266e-02	4.159506e-01	3.304861e+00	5.535873e+00	6.266095e+00	1.821853e+00
5.880698e+02	1.000000e+01	1.706460e-16	1.569051e+00	6.283185e+00	0.000000e+00	0.000000e+00	1.404963e+02	0.000000e+00
6.000264e+02	9.982939e-01	4.030659e-03	1.768560e-02	3.655218e-01	3.304026e+00	4.979333e+00	6.267112e+00	1.317583e+00
6.000264e+02	1.000000e+01	1.241267e-16	1.569051e+00	0.000000e+00	0.000000e+00	0.000000e+00	1.404963e+02	0.000000e+00
6.121637e+02	9.976866e-01	4.275080e-03	1.178298e-02	5.552979e-01	3.026218e+00	4.599580e+00	6.261395e+00	1.025361e+00
6.121637e+02	1.000000e+01	1.387779e-16	1.569051e+00	6.283185e+00	0.000000e+00	0.000000e+00	1.404963e+02	0.000000e+00
6.240612e+02	9.980751e-01	5.028686e-03	6.829450e-03	1.316135e+00	2.098049e+00	3.959422e+00	6.265053e+00	5.504817e-01
6.240612e+02	1.000000e+01	2.819617e-16	1.569051e+00	6.283185e+00	0.000000e+00	0.000000e+00	1.404963e+02	0.000000e+00
6.360477e+02	9.996824e-01	6.298983e-03	6.543517e-03	1.475634e+00	1.966818e+00	9.684096e+00	6.280192e+00	6.241116e+00
6.360477e+02	1.000000e+01	2.786638e-16	1.569051e+00	0.000000e+00	0.000000e+00	0.000000e+00	1.404963e+02	0.000000e+00
6.480579e+02	9.989366e-01	6.316253e-03	9.414008e-03	7.418551e-01	2.877108e+00	9.156574e+00	6.273165e+00	5.528992e+00
6.480579e+02	1.000000e+01	4.163336e-16	1.569051e+00	0.000000e+00	0.000000e+00	0.000000e+00	1.404963e+02	0.000000e+00
6.601428e+02	9.982073e-01	6.052217e-03	1.639260e-02	4.361357e-01	3.333958e+00	8.718151e+00	6.266297e+00	4.936267e+00
6.601428e+02	1.000000e+01	1.387779e-16	1.569051e+00	6.283185e+00	0.000000e+00	0.000000e+00	1.404963e+02	0.000000e+00
6.721266e+02	9.982713e-01	5.543876e-03	1.756111e-02	4.151005e-01	3.349982e+00	8.189605e+00	6.266900e+00	4.413912e+00
6.721266e+02	1.000000e+01	2.873741e-16	1.569051e+00	0.000000e+00	0.000000e+00	0.000000e+00	1.404963e+02	0.000000e+00
6.840600e+02	9.975938e-01	5.354971e-03	1.112495e-02	6.803714e-01	3.180785e+00	7.602504e+00	6.260521e+00	3.735335e+00
6.840600e+02	1.000000e+01	2.947846e-16	1.569051e+00	6.283185e+00	0.000000e+00	0.000000e+00	1.404963e+02	0.000000e+00
6.960588e+02	9.982132e-01	5.358523e-03	7.469490e-03	1.440632e+00	2.618189e+00	7.061698e+00	6.266353e+00	3.004350e+00
6.960588e+02	1.000000e+01	2.422857e-16	1.569051e+00	6.283185e+00	0.000000e+00	0.000000e+00	1.404963e+02	0.000000e+00
7.080405e+02	9.997159e-01	4.681820e-03	7.312273e-03	1.407113e+00	2.774792e+00	6.498515e+00	6.280508e+00	2.323460e+00
7.080405e+02	1.000000e+01	1.706460e-16	1.569051e+00	6.283185e+00	0.000000e+00	0.000000e+00	1.404963e+02	0.000000e+00
7.200342e+02	9.987772e-01	4.476356e-03	1.088883e-02	7.168579e-01	3.230021e+00	5.956423e+00	6.271664e+00	2.017629e+00
7.200342e+02	1.000000e+01	4.280122e-16	1.569051e+00	6.283185e+00	0.000000e+00	0.000000e+00	1.404963e+02	0.000000e+00
7.321500e+02	9.982177e-01	4.700373e-03	1.742310e-02	4.593330e-01	3.288701e+00	5.551430e+00	6.266395e+00	1.812531e+00
7.321500e+02	1.000000e+01	4.192838e-16	1.569051e+00	6.283185e+00	0.000000e+00	0.000000e+00	1.404963e+02	0.000000e+00
7.441157e+02	9.982342e-01	5.252363e-03	1.728700e-02	4.680132e-01	3.263134e+00	5.004923e+00	6.266550e+00	1.283840e+00
7.441157e+02	1.000000e+01	2.035829e-16	1.569051e+00	6.283185e+00	0.000000e+00	0.000000e+00	1.404963e+02	0.000000e+00
7.560236e+02	9.975404e-01	5.612962e-03	1.065083e-02	8.151613e-01	2.786782e+00	4.389592e+00	6.260018e+00	7.956438e-01
7.560236e+02	1.000000e+01	2.947846e-16	1.569051e+00	6.283185e+00	0.000000e+00	0.000000e+00	1.404963e+02	0.000000e+00
7.681174e+02	9.981399e-01	6.212170e-03	8.117719e-03	1.517233e+00	1.943307e+00	3.941926e+00	6.265663e+00	4.871781e-01
7.681174e+02	1.000000e+01	2.223913e-16	1.569051e+00	6.283185e+00	0.000000e+00	0.000000e+00	1.404963e+02	0.000000e+00
7.801177e+02	9.995476e-01	7.490909e-03	8.143844e-03	1.320280e+00	2.204818e+00	9.680801e+00	6.278922e+00	6.153782e+00
7.801177e+02	1.000000e+01	2.422857e-16	1.569051e+00	0.000000e+00	0.000000e+00	0.000000e+00	1.404963e+02	0.000000e+00
7.920052e+02	9.985862e-01	7.613055e-03	1.235361e-02	7.003437e-01	3.020278e+00	9.034684e+00	6.269866e+00	5.301443e+00
7.920052e+02	1.000000e+01	4.280122e-16	1.569051e+00	0.000000e+00	0.000000e+00	0.000000e+00	1.404963e+02	0.000000e+00
8.040288e+02	9.982336e-01	7.323078e-03	1.828632e-02	4.857030e-01	3.316701e+00	8.539037e+00	6.266545e+00	4.721988e+00
8.040288e+02	1.000000e+01	1.473923e-16	1.569051e+00	6.283185e+00	0.000000e+00	0.000000e+00	1.404963e+02	0.000000e+00
8.161498e+02	9.981666e-01	6.927215e-03	1.691602e-02	5.292244e-01	3.255235e+00	8.148409e+00	6.265914e+00	4.350966e+00
8.161498e+02	1.000000e+01	1.706460e-16	1.569051e+00	0.000000e+00	0.000000e+00	0.000000e+00	1.404963e+02	0.000000e+00
8.281475e+02	9.973642e-01	7.079577e-03	1.037995e-02	9.620821e-01	2.935434e+00	7.620511e+00	6.258360e+00	3.715276e+00
8.281475e+02	1.000000e+01	1.706460e-16	1.569051e+00	6.283185e+00	0.000000e+00	0.000000e+00	1.404963e+02	0.000000e+00
8.401409e+02	9.982131e-01	7.246277e-03	8.893666e-03	1.562933e+00	2.499837e+00	7.069759e+00	6.266352e+00	3.008916e+00
8.401409e+02	1.000000e+01	2.422857e-16	1.569051e+00	6.283185e+00	0.000000e+00	0.000000e+00	1.404963e+02	0.000000e+00
8.521129e+02	9.995301e-01	6.362371e-03	9.093060e-03	1.242184e+00	2.855998e+00	6.498128e+00	6.278757e+00	2.408491e+00
8.521129e+02	1.000000e+01	2.035829e-16	1.569051e+00	0.000000e+00	0.000000e+00	0.000000e+00	1.404963e+02	0.000000e+00
8.640816e+02	9.985446e-01	6.087230e-03	1.391563e-02	6.781770e-01	3.206511e+00	5.935577e+00	6.269473e+00	2.061650e+00
8.640816e+02	1.000000e+01	4.163336e-16	1.569051e+00	6.283185e+00	0.000000e+00	0.000000e+00	1.404963e+02	0.000000e+00
8.760007e+02	9.982645e-01	6.520218e-03	1.899805e-02	5.121263e-01	3.262810e+00	5.337269e+00	6.266836e+00	1.575373e+00
8.760007e+02	1.000000e+01	4.165186e-16	1.569051e+00	6.283185e+00	0.000000e+00	0.000000e+00	1.404963e+02	0.000000e+00
8.761575e+02	9.982618e-01	6.364826e-03	1.899709e-02	5.123807e-01	3.260406e+00	5.494784e+00	6.266810e+00	1.734566e+00
8.761575e+02	1.000000e+01	1.409808e-16	1.569051e+00	6.283185e+00	0.000000e+00	0.000000e+00	1.404963e+02	0.000000e+00
8.880240e+02	9.980564e-01	6.992226e-03	1.644164e-02	5.941529e-01	3.154049e+00	4.847829e+00	6.264876e+00	1.112137e+00
8.880240e+02	1.000000e+01	2.035829e-16	1.569051e+00	0.000000e+00	0.000000e+00	0.000000e+00	1.404963e+02	0.000000e+00
9.000313e+02	9.974201e-01	7.199314e-03	1.041893e-02	1.102313e+00	2.518567e+00	4.326426e+00	6.258886e+00	7.149468e-01
9.000313e+02	1.000000e+01	2.422857e-16	1.569051e+00	6.283185e+00	0.000000e+00	0.000000e+00	1.404963e+02	0.000000e+00
9.121043e+02	9.984436e-01	8.025817e-03	9.593213e-03	1.573039e+00	1.956832e+00	3.854566e+00	6.268522e+00	3.298637e-01
9.121043e+02	1.000000e+01	1.613647e-16	1.569051e+00	6.283185e+00	0.000000e+00	0.000000e+00	1.404963e+02	0.000000e+00
9.240726e+02	9.994578e-01	9.346235e-03	1.005384e-02	1.172823e+00	2.454930e+00	9.563843e+00	6.278076e+00	5.929661e+00
9.240726e+02	1.000000e+01	3.149983e-16	1.569051e+00	6.283185e+00	0.000000e+00	0.000000e+00	1.404963e+02	0.000000e+00
9.360436e+02	9.984024e-01	9.471880e-03	1.532276e-02	6.739629e-01	3.107885e+00	9.005439e+00	6.268134e+00	5.206974e+00
9.360436e+02	1.000000e+01	2.035829e-16	1.569051e+00	6.283185e+00	0.000000e+00	0.000000e+00	1.404963e+02	0.000000e+00
9.480012e+02	9.982902e-01	9.082103e-03	1.954207e-02	5.416734e-01	3.271340e+00	8.447430e+00	6.267078e+00	4.616325e+00
9.480012e+02	1.000000e+01	4.214029e-16	1.569051e+00	6.283185e+00	0.000000e+00	0.000000e+00	1.404963e+02	0.000000e+00
9.600712e+02	9.979434e-01	8.732193e-03	1.597381e-02	6.730909e-01	3.137571e+00	8.003801e+00	6.263813e+00	4.178059e+00
9.600712e+02	1.000000e+01	4.421769e-16	1.569051e+00	6.283185e+00	0.000000e+00	0.000000e+00	1.404963e+02	0.000000e+00
9.721466e+02	9.972365e-01	9.259414e-03	1.066317e-02	1.238584e+00	2.688672e+00	7.547749e+00	6.257158e+00	3.612046e+00
9.721466e+02	1.000000e+01	2.422857e-16	1.569051e+00	6.283185e+00	0.000000e+00	0.000000e+00	1.404963e+02	0.000000e+00
9.840887e+02	9.986541e-01	9.113274e-03	1.037262e-02	1.567163e+00	2.478548e+00	6.943130e+00	6.270505e+00	2.901777e+00
9.840887e+02	1.000000e+01	3.226250e-16	1.569051e+00	6.283185e+00	0.000000e+00	0.000000e+00	1.404963e+02	0.000000e+00
9.961146e+02	9.993452e-01	8.329677e-03	1.125452e-02	1.098216e+00	2.916710e+00	6.428416e+00	6.277015e+00	2.424489e+00
9.961146e+02	1.000000e+01	9.930137e-17	1.569051e+00	0.000000e+00	0.000000e+00	0.000000e+00	1.404963e+02	0.000000e+00
1.008051e+03	9.983398e-01	8.215705e-03	1.674007e-02	6.689012e-01	3.173588e+00	5.838478e+00	6.267545e+00	2.010893e+00
1.008051e+03	1.000000e+01	2.035829e-16	1.569051e+00	6.283185e+00	0.000000e+00	0.000000e+00	1.404963e+02	0.000000e+00
1.020021e+03	9.983113e-01	8.684800e-03	1.991049e-02	5.753123e-01	3.218729e+00	5.293463e+00	6.267276e+00	1.516759e+00
1.020021e+03	1.000000e+01	4.209341e-16	1.569051e+00	6.283185e+00	0.000000e+00	0.000000e+00	1.404963e+02	0.000000e+00
1.032022e+03	9.978357e-01	9.123537e-03	1.550227e-02	7.575515e-01	2.998859e+00	4.779038e+00	6.262798e+00	1.038294e+00
1.032022e+03	1.000000e+01	1.706460e-16	1.569051e+00	6.283185e+00	0.000000e+00	0.000000e+00	1.404963e+02	0.000000e+00
1.044052e+03	9.973573e-01	9.284654e-03	1.113072e-02	1.345252e+00	2.290797e+00	4.275062e+00	6.258295e+00	6.501913e-01
1.044052e+03	1.000000e+01	2.035829e-16	1.569051e+00	6.283185e+00	0.000000e+00	0.000000e+00	1.404963e+02	0.000000e+00
1.056010e+03	9.989917e-01	1.069191e-02	1.102087e-02	1.541438e+00	2.069060e+00	3.686163e+00	6.273684e+00	7.730296e-02
1.056010e+03	1.000000e+01	1.489520e-16	1.569051e+00	6.283185e+00	0.000000e+00	0.000000e+00	1.404963e+02	0.000000e+00
1.068126e+03	9.991919e-01	1.171003e-02	1.244035e-02	1.038526e+00	2.666702e+00	9.546692e+00	6.275570e+00	5.831318e+00
1.068126e+03	1.000000e+01	2.947846e-16	1.569051e+00	0.000000e+00	0.000000e+00	0.000000e+00	1.404963e+02	0.000000e+00
1.080132e+03	9.983082e-01	1.196653e-02	1.805073e-02	6.678639e-01	3.150596e+00	9.027885e+00	6.267247e+00	5.188238e+00
1.080132e+03	1.000000e+01	2.947846e-16	1.569051e+00	6.283185e+00	0.000000e+00	0.000000e+00	1.404963e+02	0.000000e+00
1.092130e+03	9.983254e-01	1.151410e-02	2.013672e-02	6.154388e-01	3.195867e+00	8.513317e+00	6.267409e+00	4.678989e+00
1.092130e+03	1.000000e+01	1.574991e-16	1.569051e+00	6.283185e+00	0.000000e+00	0.000000e+00	1.404963e+02	0.000000e+00
1.104145e+03	9.977264e-01	1.128583e-02	1.515108e-02	8.562944e-01	2.966865e+00	8.011032e+00	6.261769e+00	4.168474e+00
1.104145e+03	1.000000e+01	4.163336e-16	1.569051e+00	0.000000e+00	0.000000e+00	0.000000e+00	1.404963e+02	0.000000e+00
1.116034e+03	9.974262e-01	1.184505e-02	1.180720e-02	1.439093e+00	2.503364e+00	7.361594e+00	6.258944e+00	3.412737e+00
1.116034e+03	1.000000e+01	1.387779e-16	1.569051e+00	0.000000e+00	0.000000e+00	0.000000e+00	1.404963e+02	0.000000e+00
1.128124e+03	9.987705e-01	1.182188e-02	1.184381e-02	1.500408e+00	2.514052e+00	6.904652e+00	6.271601e+00	2.895991e+00
1.128124e+03	1.000000e+01	4.192838e-16	1.569051e+00	6.283185e+00	0.000000e+00	0.000000e+00	1.404963e+02	0.000000e+00
1.140030e+03	9.990963e-01	1.087935e-02	1.369869e-02	9.947008e-01	2.947470e+00	6.273560e+00	6.274670e+00	2.347004e+00
1.140030e+03	1.000000e+01	1.706460e-16	1.569051e+00	0.000000e+00	0.000000e+00	0.000000e+00	1.404963e+02	0.000000e+00
1.152076e+03	9.982535e-01	1.093949e-02	1.924468e-02	6.750055e-01	3.148322e+00	5.797649e+00	6.266732e+00	1.994334e+00
1.152076e+03	1.000000e+01	1.473923e-16	1.569051e+00	6.283185e+00	0.000000e+00	0.000000e+00	1.404963e+02	0.000000e+00
1.164081e+03	9.983249e-01	1.146601e-02	2.020033e-02	6.576820e-01	3.149937e+00	5.289940e+00	6.267405e+00	1.505190e+00
1.164081e+03	1.000000e+01	2.035829e-16	1.569051e+00	6.283185e+00	0.000000e+00	0.000000e+00	1.404963e+02	0.000000e+00
1.176031e+03	9.975863e-01	1.184924e-02	1.486266e-02	9.539080e-01	2.802069e+00	4.720298e+00	6.260451e+00	9.839574e-01
1.176031e+03	1.000000e+01	2.775558e-16	1.569051e+00	6.283185e+00	0.000000e+00	0.000000e+00	1.404963e+02	0.000000e+00
1.188131e+03	9.972502e-01	1.195642e-02	1.241861e-02	1.499607e+00	2.152279e+00	4.281038e+00	6.257287e+00	6.433945e-01
1.188131e+03	1.000000e+01	2.947846e-16	1.569051e+00	0.000000e+00	0.000000e+00	0.000000e+00	1.404963e+02	0.000000e+00
1.200114e+03	9.988541e-01	1.356253e-02	1.253276e-02	1.451051e+00	2.210782e+00	3.716636e+00	6.272388e+00	5.631385e-02
1.200114e+03	1.000000e+01	2.947846e-16	1.569051e+00	6.283185e+00	0.000000e+00	0.000000e+00	1.404963e+02	0.000000e+00
1.212077e+03	9.989229e-01	1.493241e-02	1.503688e-02	9.493638e-01	2.819636e+00	9.427979e+00	6.273037e+00	5.641257e+00
1.212077e+03	1.000000e+01	4.280122e-16	1.569051e+00	0.000000e+00	0.000000e+00	0.000000e+00	1.404963e+02	0.000000e+00
1.224093e+03	9.982511e-01	1.505008e-02	2.029914e-02	6.857004e-01	3.147687e+00	8.923839e+00	6.266709e+00	5.062286e+00
1.224093e+03	1.000000e+01	1.473923e-16	1.569051e+00	0.000000e+00	0.000000e+00	0.000000e+00	1.404963e+02	0.000000e+00
1.236111e+03	9.982984e-01	1.451381e-02	2.017959e-02	7.071308e-01	3.100758e+00	8.429564e+00	6.267155e+00	4.592819e+00
1.236111e+03	1.000000e+01	1.706460e-16	1.569051e+00	0.000000e+00	0.000000e+00	0.000000e+00	1.404963e+02	0.000000e+00
1.248036e+03	9.974138e-01	1.459294e-02	1.478630e-02	1.062841e+00	2.785763e+00	7.832350e+00	6.258827e+00	3.962235e+00
1.248036e+03	1.000000e+01	3.412920e-16	1.569051e+00	0.000000e+00	0.000000e+00	0.000000e+00	1.404963e+02	0.000000e+00
1.260108e+03	9.973734e-01	1.558469e-02	1.326614e-02	1.547700e+00	2.397737e+00	7.361935e+00	6.258446e+00	3.408192e+00
1.260108e+03	1.000000e+01	4.344435e-16	1.569051e+00	0.000000e+00	0.000000e+00	0.000000e+00	1.404963e+02	0.000000e+00
1.272100e+03	9.989894e-01	1.507409e-02	1.342219e-02	1.395797e+00	2.580104e+00	6.807785e+00	6.273663e+00	2.840911e+00
1.272100e+03	1.000000e+01	2.947846e-16	1.569051e+00	0.000000e+00	0.000000e+00	0.000000e+00	1.404963e+02	0.000000e+00
1.284073e+03	9.987973e-01	1.434676e-02	1.648642e-02	9.121479e-01	2.980477e+00	6.247995e+00	6.271854e+00	2.375420e+00
1.284073e+03	1.000000e+01	2.947846e-16	1.569051e+00	6.283185e+00	0.000000e+00	0.000000e+00	1.404963e+02	0.000000e+00
1.296089e+03	9.982387e-01	1.450311e-02	2.123841e-02	6.995729e-01	3.117563e+00	5.746329e+00	6.266592e+00	1.956181e+00
1.296089e+03	1.000000e+01	0.000000e+00	1.569051e+00	0.000000e+00	0.000000e+00	0.000000e+00	1.404963e+02	0.000000e+00
1.308081e+03	9.982785e-01	1.512215e-02	2.002940e-02	7.611376e-01	3.052355e+00	5.226100e+00	6.266968e+00	1.442558e+00
1.308081e+03	1.000000e+01	1.473923e-16	1.569051e+00	0.000000e+00	0.000000e+00	0.000000e+00	1.404963e+02	0.000000e+00
1.320122e+03	9.973621e-01	1.533178e-02	1.485561e-02	1.161641e+00	2.594892e+00	4.741885e+00	6.258340e+00	1.011179e+00
1.320122e+03	1.000000e+01	1.706460e-16	1.569051e+00	0.000000e+00	0.000000e+00	0.000000e+00	1.404963e+02	0.000000e+00
1.332032e+03	9.976328e-01	1.598758e-02	1.395485e-02	1.565321e+00	2.119604e+00	4.106690e+00	6.260888e+00	4.350977e-01
1.332032e+03	1.000000e+01	1.473923e-16	1.569051e+00	0.000000e+00	0.000000e+00	0.000000e+00	1.404963e+02	0.000000e+00
1.344035e+03	9.991323e-01	1.794585e-02	1.416413e-02	1.342706e+00	2.380751e+00	9.847991e+00	6.275010e+00	6.118735e+00
1.344035e+03	1.000000e+01	2.775558e-16	1.569051e+00	6.283185e+00	0.000000e+00	0.000000e+00	1.404963e+02	0.000000e+00
1.356037e+03	9.986413e-01	1.907170e-02	1.777418e-02	8.905639e-01	2.919207e+00	9.320535e+00	6.270384e+00	5.483686e+00
1.356037e+03	1.000000e+01	1.387779e-16	1.569051e+00	0.000000e+00	0.000000e+00	0.000000e+00	1.404963e+02	0.000000e+00
1.368003e+03	9.982728e-01	1.894397e-02	2.202194e-02	7.187078e-01	3.114240e+00	8.769091e+00	6.266914e+00	4.899013e+00
1.368003e+03	1.000000e+01	1.387779e-16	1.569051e+00	0.000000e+00	0.000000e+00	0.000000e+00	1.404963e+02	0.000000e+00
1.380040e+03	9.981531e-01	1.845168e-02	1.985984e-02	8.209964e-01	2.988504e+00	8.293492e+00	6.265787e+00	4.448241e+00
1.380040e+03	1.000000e+01	1.387779e-16	1.569051e+00	0.000000e+00	0.000000e+00	0.000000e+00	1.404963e+02	0.000000e+00
1.392133e+03	9.971765e-01	1.912218e-02	1.516148e-02	1.265099e+00	2.594319e+00	7.858211e+00	6.256593e+00	3.970329e+00
1.392133e+03	1.000000e+01	2.775558e-16	1.569051e+00	0.000000e+00	0.000000e+00	0.000000e+00	1.404963e+02	0.000000e+00
1.404023e+03	9.978162e-01	1.987848e-02	1.483504e-02	1.576284e+00	2.361054e+00	7.201320e+00	6.262614e+00	3.259246e+00
1.404023e+03	1.000000e+01	1.389166e-16	1.569051e+00	0.000000e+00	0.000000e+00	0.000000e+00	1.404963e+02	0.000000e+00
1.416121e+03	9.989806e-01	1.945725e-02	1.530270e-02	1.275781e+00	2.661483e+00	6.756953e+00	6.273580e+00	2.831722e+00
1.416121e+03	1.000000e+01	2.775558e-16	1.569051e+00	0.000000e+00	0.000000e+00	0.000000e+00	1.404963e+02	0.000000e+00
1.428137e+03	9.985392e-01	1.883657e-02	1.930243e-02	8.616368e-01	2.996432e+00	6.245278e+00	6.269422e+00	2.412571e+00
1.428137e+03	1.000000e+01	1.489520e-16	1.569051e+00	0.000000e+00	0.000000e+00	0.000000e+00	1.404963e+02	0.000000e+00
1.440037e+03	9.982819e-01	1.920699e-02	2.265185e-02	7.414162e-01	3.077359e+00	5.630197e+00	6.267000e+00	1.848509e+00
1.440037e+03	1.000000e+01	2.796469e-16	1.569051e+00	0.000000e+00	0.000000e+00	0.000000e+00	1.404963e+02	0.000000e+00
1.452126e+03	9.981972e-01	1.979740e-02	1.966709e-02	8.904405e-01	2.924736e+00	5.205289e+00	6.266202e+00	1.429227e+00
1.452126e+03	1.000000e+01	1.706460e-16	1.569051e+00	6.283185e+00	0.000000e+00	0.000000e+00	1.404963e+02	0.000000e+00
1.464116e+03	9.971302e-01	1.996669e-02	1.554069e-02	1.344710e+00	2.407892e+00	4.663917e+00	6.256158e+00	9.433590e-01
1.464116e+03	1.000000e+01	9.930137e-17	1.569051e+00	0.000000e+00	0.000000e+00	0.000000e+00	1.404963e+02	0.000000e+00
1.476061e+03	9.977679e-01	2.101842e-02	1.546087e-02	1.564443e+00	2.150533e+00	4.061814e+00	6.262160e+00	3.614884e-01
1.476061e+03	1.000000e+01	1.946851e-16	1.569051e+00	6.283185e+00	0.000000e+00	0.000000e+00	1.404963e+02	0.000000e+00
1.488075e+03	9.990136e-01	2.331383e-02	1.617993e-02	1.225562e+00	2.542746e+00	9.817258e+00	6.273891e+00	6.037813e+00
1.488075e+03	1.000000e+01	1.706460e-16	1.569051e+00	0.000000e+00	0.000000e+00	0.000000e+00	1.404963e+02	0.000000e+00
1.500021e+03	9.984278e-01	2.438550e-02	2.046406e-02	8.574388e-01	2.974303e+00	9.237175e+00	6.268373e+00	5.367178e+00
1.500021e+03	1.000000e+01	4.163336e-16	1.569051e+00	0.000000e+00	0.000000e+00	0.000000e+00	1.404963e+02	0.000000e+00
1.512069e+03	9.983318e-01	2.411726e-02	2.316577e-02	7.690667e-01	3.058149e+00	8.771416e+00	6.267470e+00	4.896947e+00
1.512069e+03	1.000000e+01	1.520235e-16	1.569051e+00	6.283185e+00	0.000000e+00	0.000000e+00	1.404963e+02	0.000000e+00
1.524107e+03	9.980067e-01	2.377783e-02	1.952055e-02	9.632731e-01	2.846527e+00	8.294728e+00	6.264409e+00	4.438922e+00
1.524107e+03	1.000000e+01	1.706460e-16	1.569051e+00	0.000000e+00	0.000000e+00	0.000000e+00	1.404963e+02	0.000000e+00
1.536037e+03	9.970105e-01	2.489428e-02	1.620545e-02	1.426944e+00	2.446245e+00	7.689059e+00	6.255031e+00	3.785528e+00
1.536037e+03	1.000000e+01	1.473923e-16	1.569051e+00	0.000000e+00	0.000000e+00	0.000000e+00	1.404963e+02	0.000000e+00
1.548005e+03	9.981309e-01	2.561007e-02	1.635283e-02	1.547522e+00	2.376638e+00	7.109446e+00	6.265578e+00	3.183118e+00
1.548005e+03	1.000000e+01	2.873741e-16	1.569051e+00	0.000000e+00	0.000000e+00	0.000000e+00	1.404963e+02	0.000000e+00
1.560058e+03	9.990091e-01	2.502132e-02	1.743151e-02	1.169130e+00	2.733736e+00	6.623031e+00	6.273848e+00	2.740065e+00
1.560058e+03	1.000000e+01	1.387779e-16	1.569051e+00	6.283185e+00	0.000000e+00	0.000000e+00	1.404963e+02	0.000000e+00
1.572086e+03	9.983402e-01	2.474002e-02	2.183103e-02	8.442419e-01	2.994530e+00	6.128193e+00	6.267549e+00	2.325914e+00
1.572086e+03	1.000000e+01	2.775558e-16	1.569051e+00	0.000000e+00	0.000000e+00	0.000000e+00	1.404963e+02	0.000000e+00
1.584099e+03	9.983486e-01	2.519380e-02	2.348883e-02	8.028775e-01	3.017648e+00	5.628604e+00	6.267628e+00	1.856675e+00
1.584099e+03	1.000000e+01	2.873741e-16	1.569051e+00	0.000000e+00	0.000000e+00	0.000000e+00	1.404963e+02	0.000000e+00
1.596121e+03	9.980265e-01	2.585847e-02	1.940410e-02	1.038569e+00	2.772255e+00	5.133567e+00	6.264594e+00	1.373256e+00
1.596121e+03	1.000000e+01	1.706460e-16	1.569051e+00	6.283185e+00	0.000000e+00	0.000000e+00	1.404963e+02	0.000000e+00
1.608064e+03	9.969866e-01	2.614276e-02	1.676329e-02	1.476793e+00	2.276936e+00	4.538807e+00	6.254806e+00	8.229020e-01
1.608064e+03	1.000000e+01	1.473923e-16	1.569051e+00	0.000000e+00	0.000000e+00	0.000000e+00	1.404963e+02	0.000000e+00
1.620018e+03	9.981442e-01	2.794232e-02	1.694178e-02	1.515991e+00	2.233198e+00	3.944360e+00	6.265703e+00	2.063936e-01
1.620018e+03	1.000000e+01	1.387779e-16	1.569051e+00	0.000000e+00	0.000000e+00	0.000000e+00	1.404963e+02	0.000000e+00
1.632109e+03	9.988592e-01	3.033745e-02	1.851506e-02	1.124126e+00	2.678832e+00	9.781874e+00	6.272437e+00	5.960058e+00
1.632109e+03	1.000000e+01	1.706460e-16	1.569051e+00	0.000000e+00	0.000000e+00	0.000000e+00	1.404963e+02	0.000000e+00
1.644097e+03	9.983258e-01	3.125081e-02	2.292959e-02	8.453948e-01	2.995565e+00	9.248505e+00	6.267413e+00	5.358336e+00
1.644097e+03	1.000000e+01	1.387779e-16	1.569051e+00	0.000000e+00	0.000000e+00	0.000000e+00	1.404963e+02	0.000000e+00
1.656097e+03	9.983834e-01	3.075224e-02	2.378063e-02	8.391079e-01	2.979742e+00	8.736151e+00	6.267956e+00	4.856646e+00
1.656097e+03	1.000000e+01	2.819617e-16	1.569051e+00	0.000000e+00	0.000000e+00	0.000000e+00	1.404963e+02	0.000000e+00
1.668093e+03	9.977304e-01	3.078517e-02	1.942138e-02	1.120221e+00	2.696925e+00	8.212349e+00	6.261807e+00	4.337430e+00
1.668093e+03	1.000000e+01	1.986027e-16	1.569051e+00	0.000000e+00	0.000000e+00	0.000000e+00	1.404963e+02	0.000000e+00
1.680125e+03	9.968605e-01	3.260960e-02	1.764916e-02	1.530522e+00	2.347695e+00	7.704421e+00	6.253619e+00	3.786236e+00
1.680125e+03	1.000000e+01	3.149983e-16	1.569051e+00	0.000000e+00	0.000000e+00	0.000000e+00	1.404963e+02	0.000000e+00
1.692133e+03	9.979946e-01	3.345709e-02	1.797072e-02	1.475660e+00	2.433778e+00	7.163641e+00	6.264295e+00	3.246985e+00
1.692133e+03	1.000000e+01	2.035829e-16	1.569051e+00	0.000000e+00	0.000000e+00	0.000000e+00	1.404963e+02	0.000000e+00
1.704110e+03	9.987812e-01	3.253669e-02	1.996435e-02	1.076013e+00	2.799332e+00	6.605997e+00	6.271702e+00	2.755709e+00
1.704110e+03	1.000000e+01	1.706460e-16	1.569051e+00	0.000000e+00	0.000000e+00	0.000000e+00	1.404963e+02	0.000000e+00
1.716092e+03	9.982338e-01	3.239819e-02	2.404587e-02	8.469047e-01	2.981608e+00	6.069641e+00	6.266547e+00	2.290636e+00
1.716092e+03	1.000000e+01	4.163336e-16	1.569051e+00	0.000000e+00	0.000000e+00	0.000000e+00	1.404963e+02	0.000000e+00
1.728040e+03	9.983983e-01	3.306309e-02	2.386566e-02	8.811976e-01	2.940668e+00	5.505400e+00	6.268096e+00	1.748890e+00
1.728040e+03	1.000000e+01	2.035829e-16	1.569051e+00	0.000000e+00	0.000000e+00	0.000000e+00	1.404963e+02	0.000000e+00
1.740107e+03	9.977930e-01	3.370756e-02	1.951460e-02	1.194498e+00	2.610201e+00	5.050116e+00	6.262397e+00	1.310121e+00
1.740107e+03	1.000000e+01	1.986027e-16	1.569051e+00	6.283185e+00	0.000000e+00	0.000000e+00	1.404963e+02	0.000000e+00
1.752109e+03	9.969054e-01	3.425332e-02	1.824299e-02	1.550315e+00	2.212446e+00	4.509593e+00	6.254042e+00	7.948601e-01
1.752109e+03	1.000000e+01	2.035829e-16	1.569051e+00	0.000000e+00	0.000000e+00	0.000000e+00	1.404963e+02	0.000000e+00
1.764020e+03	9.983534e-01	3.689253e-02	1.850880e-02	1.437147e+00	2.341778e+00	3.873382e+00	6.267673e+00	1.017498e-01
1.764020e+03	1.000000e+01	4.421769e-16	1.569051e+00	0.000000e+00	0.000000e+00	0.000000e+00	1.404963e+02	0.000000e+00
1.776024e+03	9.987480e-01	3.945188e-02	2.094907e-02	1.052802e+00	2.772877e+00	9.628135e+00	6.271389e+00	5.764313e+00
1.776024e+03	1.000000e+01	4.280122e-16	1.569051e+00	0.000000e+00	0.000000e+00	0.000000e+00	1.404963e+02	0.000000e+00
1.788040e+03	9.982932e-01	3.990718e-02	2.495738e-02	8.581369e-01	2.981127e+00	9.126371e+00	6.267106e+00	5.218305e+00
1.788040e+03	1.000000e+01	4.163336e-16	1.569051e+00	0.000000e+00	0.000000e+00	0.000000e+00	1.404963e+02	0.000000e+00
1.800117e+03	9.983937e-01	3.938247e-02	2.401575e-02	9.292074e-01	2.882660e+00	8.691209e+00	6.268052e+00	4.801111e+00
1.800117e+03	1.000000e+01	1.473923e-16	1.569051e+00	6.283185e+00	0.000000e+00	0.000000e+00	1.404963e+02	0.000000e+00
1.812037e+03	9.973663e-01	4.005036e-02	1.980248e-02	1.277384e+00	2.550216e+00	8.085800e+00	6.258380e+00	4.187827e+00
1.812037e+03	1.000000e+01	1.706460e-16	1.569051e+00	0.000000e+00	0.000000e+00	0.000000e+00	1.404963e+02	0.000000e+00
1.824034e+03	9.970043e-01	4.229715e-02	1.927130e-02	1.575473e+00	2.304354e+00	7.537588e+00	6.254973e+00	3.617858e+00
1.824034e+03	1.000000e+01	2.947846e-16	1.569051e+00	0.000000e+00	0.000000e+00	0.000000e+00	1.404963e+02	0.000000e+00
1.848103e+03	9.985823e-01	4.226171e-02	2.256115e-02	1.012454e+00	2.842983e+00	6.532183e+00	6.269828e+00	2.712918e+00
1.848103e+03	1.000000e+01	2.775558e-16	1.569051e+00	6.283185e+00	0.000000e+00	0.000000e+00	1.404963e+02	0.000000e+00
1.860017e+03	9.982224e-01	4.241251e-02	2.579475e-02	8.704604e-01	2.954763e+00	5.929527e+00	6.266439e+00	2.175361e+00
1.860017e+03	1.000000e+01	1.574991e-16	1.569051e+00	0.000000e+00	0.000000e+00	0.000000e+00	1.404963e+02	0.000000e+00
1.872015e+03	9.984026e-01	4.319206e-02	2.395811e-02	9.793800e-01	2.841337e+00	5.415099e+00	6.268137e+00	1.680526e+00
1.872015e+03	1.000000e+01	1.706460e-16	1.569051e+00	0.000000e+00	0.000000e+00	0.000000e+00	1.404963e+02	0.000000e+00
1.884097e+03	9.975435e-01	4.393945e-02	2.013350e-02	1.339287e+00	2.460887e+00	4.969595e+00	6.260047e+00	1.251994e+00
1.884097e+03	1.000000e+01	4.163336e-16	1.569051e+00	0.000000e+00	0.000000e+00	0.000000e+00	1.404963e+02	0.000000e+00
1.896019e+03	9.970643e-01	4.523837e-02	1.978286e-02	1.571094e+00	2.205178e+00	4.344752e+00	6.255538e+00	6.195981e-01
1.896019e+03	1.000000e+01	1.520235e-16	1.569051e+00	0.000000e+00	0.000000e+00	0.000000e+00	1.404963e+02	0.000000e+00
1.908072e+03	9.983839e-01	4.845536e-02	2.031688e-02	1.343622e+00	2.459940e+00	3.853769e+00	6.267960e+00	5.538248e-02
1.908072e+03	1.000000e+01	2.775558e-16	1.569051e+00	0.000000e+00	0.000000e+00	0.000000e+00	1.404963e+02	0.000000e+00
1.920088e+03	9.985568e-01	5.100646e-02	2.358919e-02	9.992959e-01	2.839346e+00	9.625163e+00	6.269589e+00	5.735055e+00
1.920088e+03	1.000000e+01	1.387779e-16	1.569051e+00	0.000000e+00	0.000000e+00	0.000000e+00	1.404963e+02	0.000000e+00
1.932003e+03	9.983387e-01	5.103093e-02	2.653927e-02	8.884563e-01	2.944436e+00	9.025880e+00	6.267535e+00	5.099876e+00
1.932003e+03	1.000000e+01	4.218939e-16	1.569051e+00	0.000000e+00	0.000000e+00	0.000000e+00	1.404963e+02	0.000000e+00
1.944093e+03	9.982936e-01	5.066367e-02	2.407753e-02	1.036846e+00	2.772134e+00	8.601664e+00	6.267110e+00	4.691341e+00
1.944093e+03	1.000000e+01	2.775558e-16	1.569051e+00	0.000000e+00	0.000000e+00	0.000000e+00	1.404963e+02	0.000000e+00
1.956025e+03	9.970575e-01	5.227293e-02	2.075300e-02	1.414690e+00	2.421427e+00	8.001927e+00	6.255474e+00	4.079539e+00
1.956025e+03	1.000000e+01	2.775558e-16	1.569051e+00	0.000000e+00	0.000000e+00	0.000000e+00	1.404963e+02	0.000000e+00
1.968081e+03	9.970712e-01	5.507195e-02	2.089890e-02	1.570586e+00	2.307016e+00	7.509674e+00	6.255602e+00	3.583184e+00
1.968081e+03	1.000000e+01	1.389166e-16	1.569051e+00	0.000000e+00	0.000000e+00	0.000000e+00	1.404963e+02	0.000000e+00
1.980092e+03	9.984534e-01	5.546123e-02	2.171033e-02	1.285968e+00	2.589881e+00	6.978327e+00	6.268615e+00	3.106535e+00
1.980092e+03	1.000000e+01	1.387779e-16	1.569051e+00	0.000000e+00	0.000000e+00	0.000000e+00	1.404963e+02	0.000000e+00
1.992010e+03	9.983944e-01	5.496303e-02	2.503955e-02	9.777440e-01	2.865364e+00	6.372410e+00	6.268059e+00	2.589076e+00
1.992010e+03	1.000000e+01	1.473923e-16	1.569051e+00	0.000000e+00	0.000000e+00	0.000000e+00	1.404963e+02	0.000000e+00
2.004045e+03	9.982819e-01	5.528921e-02	2.706183e-02	9.129429e-01	2.909898e+00	5.894595e+00	6.266999e+00	2.165489e+00
2.004045e+03	1.000000e+01	2.873741e-16	1.569051e+00	0.000000e+00	0.000000e+00	0.000000e+00	1.404963e+02	0.000000e+00
2.016002e+03	9.983563e-01	5.629438e-02	2.401503e-02	1.093943e+00	2.724188e+00	5.335604e+00	6.267700e+00	1.630086e+00
2.016002e+03	1.000000e+01	2.947846e-16	1.569051e+00	6.283185e+00	0.000000e+00	0.000000e+00	1.404963e+02	0.000000e+00
2.016114e+03	9.984727e-01	5.625026e-02	2.404992e-02	1.098576e+00	2.721629e+00	5.447966e+00	6.268796e+00	1.739400e+00
2.016114e+03	1.000000e+01	2.947846e-16	1.569051e+00	0.000000e+00	0.000000e+00	0.000000e+00	1.404963e+02	0.000000e+00
2.028055e+03	9.972655e-01	5.736596e-02	2.119461e-02	1.454543e+00	2.343415e+00	4.854838e+00	6.257431e+00	1.160251e+00
2.028055e+03	1.000000e+01	2.035829e-16	1.569051e+00	0.000000e+00	0.000000e+00	0.000000e+00	1.404963e+02	0.000000e+00
2.040091e+03	9.970996e-01	5.950613e-02	2.130304e-02	1.549876e+00	2.242159e+00	4.343080e+00	6.255869e+00	6.175123e-01
2.040091e+03	1.000000e+01	1.473923e-16	1.569051e+00	0.000000e+00	0.000000e+00	0.000000e+00	1.404963e+02	0.000000e+00
2.052031e+03	9.985666e-01	6.365383e-02	2.232503e-02	1.254669e+00	2.568079e+00	1.002558e+01	6.269680e+00	6.191735e+00
2.052031e+03	1.000000e+01	4.163336e-16	1.569051e+00	6.283185e+00	0.000000e+00	0.000000e+00	1.404963e+02	0.000000e+00
2.064072e+03	9.984363e-01	6.576028e-02	2.607707e-02	9.735097e-01	2.869315e+00	9.543574e+00	6.268454e+00	5.623168e+00
2.064072e+03	1.000000e+01	1.473923e-16	1.569051e+00	0.000000e+00	0.000000e+00	0.000000e+00	1.404963e+02	0.000000e+00
2.076031e+03	9.984208e-01	6.543004e-02	2.766109e-02	9.376763e-01	2.887611e+00	8.989937e+00	6.268307e+00	5.042893e+00
2.076031e+03	1.000000e+01	2.035829e-16	1.569051e+00	0.000000e+00	0.000000e+00	0.000000e+00	1.404963e+02	0.000000e+00
2.088050e+03	9.980488e-01	6.550395e-02	2.420759e-02	1.158608e+00	2.651848e+00	8.491966e+00	6.264805e+00	4.551265e+00
2.088050e+03	1.000000e+01	9.930137e-17	1.569051e+00	6.283185e+00	0.000000e+00	0.000000e+00	1.404963e+02	0.000000e+00
2.100029e+03	9.968189e-01	6.829720e-02	2.213582e-02	1.515276e+00	2.327678e+00	7.933123e+00	6.253228e+00	3.984640e+00
2.100029e+03	1.000000e+01	2.947846e-16	1.569051e+00	0.000000e+00	0.000000e+00	0.000000e+00	1.404963e+02	0.000000e+00
2.112104e+03	9.972496e-01	7.149541e-02	2.255445e-02	1.526398e+00	2.346476e+00	7.458258e+00	6.257281e+00	3.528617e+00
2.112104e+03	1.000000e+01	2.873741e-16	1.569051e+00	6.283185e+00	0.000000e+00	0.000000e+00	1.404963e+02	0.000000e+00
2.124004e+03	9.986146e-01	7.157617e-02	2.391433e-02	1.199610e+00	2.663013e+00	6.820724e+00	6.270132e+00	2.982100e+00
2.124004e+03	1.000000e+01	1.706460e-16	1.569051e+00	0.000000e+00	0.000000e+00	0.000000e+00	1.404963e+02	0.000000e+00
2.124175e+03	9.983492e-01	7.185810e-02	2.412787e-02	1.194009e+00	2.667967e+00	6.992803e+00	6.267633e+00	3.132246e+00
2.124175e+03	1.000000e+01	1.706460e-16	1.569051e+00	0.000000e+00	0.000000e+00	0.000000e+00	1.404963e+02	0.000000e+00
2.136043e+03	9.982181e-01	7.144755e-02	2.743303e-02	9.623302e-01	2.871732e+00	6.340943e+00	6.266399e+00	2.585831e+00
2.136043e+03	1.000000e+01	1.387779e-16	1.569051e+00	0.000000e+00	0.000000e+00	0.000000e+00	1.404963e+02	0.000000e+00
2.148003e+03	9.983964e-01	7.202123e-02	2.790752e-02	9.728697e-01	2.848816e+00	5.787656e+00	6.268077e+00	2.094103e+00
2.148003e+03	1.000000e+01	2.775558e-16	1.569051e+00	0.000000e+00	0.000000e+00	0.000000e+00	1.404963e+02	0.000000e+00
2.148122e+03	9.983994e-01	7.194294e-02	2.787763e-02	9.765275e-01	2.844677e+00	5.907797e+00	6.268106e+00	2.206150e+00
2.148122e+03	1.000000e+01	1.387779e-16	1.569051e+00	0.000000e+00	0.000000e+00	0.000000e+00	1.404963e+02	0.000000e+00
2.160106e+03	9.984313e-01	7.328756e-02	2.431897e-02	1.220670e+00	2.596918e+00	5.371949e+00	6.268406e+00	1.700614e+00
2.160106e+03	1.000000e+01	1.387779e-16	1.569051e+00	6.283185e+00	0.000000e+00	0.000000e+00	1.404963e+02	0.000000e+00
2.172040e+03	9.970836e-01	7.504197e-02	2.254574e-02	1.531199e+00	2.269425e+00	4.766977e+00	6.255719e+00	1.096412e+00
2.172040e+03	1.000000e+01	1.387779e-16	1.569051e+00	6.283185e+00	0.000000e+00	0.000000e+00	1.404963e+02	0.000000e+00
2.184041e+03	9.973997e-01	7.852270e-02	2.283216e-02	1.498738e+00	2.309502e+00	4.219044e+00	6.258694e+00	4.796393e-01
2.184041e+03	1.000000e+01	2.819617e-16	1.569051e+00	0.000000e+00	0.000000e+00	0.000000e+00	1.404963e+02	0.000000e+00
2.196005e+03	9.986157e-01	8.307296e-02	2.461140e-02	1.178023e+00	2.657201e+00	9.930169e+00	6.270143e+00	6.060347e+00
2.196005e+03	1.000000e+01	1.986027e-16	1.569051e+00	0.000000e+00	0.000000e+00	0.000000e+00	1.404963e+02	0.000000e+00
2.208024e+03	9.983841e-01	8.456087e-02	2.836797e-02	9.693189e-01	2.871549e+00	9.430268e+00	6.267962e+00	5.472000e+00
2.208024e+03	1.000000e+01	3.040471e-16	1.569051e+00	0.000000e+00	0.000000e+00	0.000000e+00	1.404963e+02	0.000000e+00
